MAX=234



* * * * Samples * * * *
MAX=234



* * * * Samples * * * *
MAX=491



* * * * Samples * * * *

ths= 18		thl= 23
thb= 21		thc= 28		thc_max= 32
ths= 18		thl= 23
thb= 21		thc= 28		thc_max= 32
CMC7_Codeline (invertita): @@@@@@@@@@@@@@0200000008801671270<
Numero Minimi: 195
#	Car.	Patt.	min1	min2	min3	min4	min5	min6	min7
 0	@   	0x00	3304	3330	3367	3383	3407	3493	3535
 1	@   	0x00	3367	3383	3407	3493	3535	3565	3578
 2	@   	0x00	3565	3578	3649	3700	3720	3744	3786
 3	@   	0x00	3700	3720	3744	3786	3802	3818	3834
 4	@   	0x00	3786	3802	3818	3834	3851	3895	3918
 5	@   	0x00	3895	3918	3954	3976	3991	4015	4049
 6	@   	0x00	3954	3976	3991	4015	4049	4109	4140
 7	@   	0x00	4140	4162	4196	4239	4271	4295	4336
 8	@   	0x00	4271	4295	4336	4368	4435	4456	4496
 9	@   	0x00	4435	4456	4496	4521	4539	4558	4588
10	@   	0x00	4496	4521	4539	4558	4588	4611	4629
11	@   	0x00	4588	4611	4629	4652	4686	4713	4751
12	@   	0x00	4686	4713	4751	4774	4790	4813	4840
13	@   	0x00	4751	4774	4790	4813	4840	4856	4874
14	0   	0x0c	4909	4929	4947	4969	4994	5012	5030
15	2   	0x18	5070	5088	5106	5122	5146	5172	5191
16	0   	0x0c	5226	5245	5262	5285	5311	5329	5346
17	0   	0x0c	5386	5405	5423	5445	5471	5489	5506
18	0   	0x0c	5541	5561	5578	5601	5627	5644	5662
19	0   	0x0c	5702	5721	5739	5762	5788	5805	5823
20	0   	0x0c	5859	5878	5896	5918	5944	5962	5979
21	0   	0x0c	6019	6039	6057	6079	6105	6123	6140
22	0   	0x0c	6180	6199	6217	6239	6266	6284	6301
23	8   	0x12	6341	6360	6385	6403	6420	6443	6462
24	8   	0x12	6498	6517	6542	6560	6577	6600	6620
25	0   	0x0c	6659	6679	6696	6719	6745	6763	6780
26	1   	0x22	6817	6836	6859	6878	6895	6911	6935
27	6   	0x0a	6978	6996	7021	7039	7063	7080	7098
28	7   	0x30	7134	7153	7170	7187	7204	7228	7253
29	1   	0x22	7296	7315	7338	7357	7374	7390	7414
30	2   	0x18	7452	7470	7488	7504	7528	7553	7572
31	7   	0x30	7612	7631	7648	7665	7682	7706	7731
32	0   	0x0c	7768	7787	7804	7827	7854	7871	7888
33	<   	0x09	7928	7955	7973	7991	8014	8033	8050
* * * * Inverted Samples * * * *

ths= 17		thl= 23
thb= 21		thc= 28		thc_max= 32
CMC7_Codeline: <@7@1:@=@@@@@@@@@@@@@@@@@@@@@@@@    @
Numero Minimi: 258
#	Car.	Patt.	min1	min2	min3	min4	min5	min6	min7
 0	<   	0x24	8062	8042	8025	8003	7984	7966	7943
 1	@   	0x00	7907	7882	7864	7842	7816	7798	7780
 2	7   	0x03	7748	7720	7694	7675	7658	7641	7623
 3	@   	0x00	7591	7565	7542	7516	7498	7481	7463
 4	1   	0x11	7433	7402	7383	7367	7350	7326	7308
 5	:   	0x21	7242	7216	7197	7180	7162	7145	7116
 6	@   	0x00	7074	7051	7032	7009	6989	6957	6924
 7	=   	0x28	6924	6905	6888	6871	6847	6829	6799
 8	@   	0x00	6756	6733	6707	6689	6671	6638	6612
 9	@   	0x00	6638	6612	6589	6570	6553	6530	6510
10	@   	0x00	6480	6456	6432	6413	6396	6373	6353
11	@   	0x00	6320	6295	6277	6254	6228	6209	6192
12	@   	0x00	6159	6133	6116	6093	6068	6049	6032
13	@   	0x00	5998	5973	5955	5932	5907	5888	5871
14	@   	0x00	5840	5816	5799	5776	5750	5732	5714
15	@   	0x00	5681	5655	5638	5615	5589	5571	5553
16	@   	0x00	5523	5499	5482	5459	5434	5415	5398
17	@   	0x00	5365	5339	5322	5299	5273	5255	5238
18	@   	0x00	5208	5184	5160	5134	5115	5098	5081
19	@   	0x00	5050	5023	5005	4983	4958	4940	4922
20	@   	0x00	4891	4867	4850	4827	4801	4784	4766
21	@   	0x00	4729	4706	4666	4639	4622	4605	4569
22	@   	0x00	4666	4639	4622	4605	4569	4551	4533
23	@   	0x00	4569	4551	4533	4508	4477	4448	4404
24	@   	0x00	4349	4324	4307	4288	4253	4220	4179
25	@   	0x00	4179	4151	4125	4085	4029	4004	3984
26	@   	0x00	4029	4004	3984	3971	3934	3907	3875
27	@   	0x00	3934	3907	3875	3843	3810	3795	3767
28	@   	0x00	3810	3795	3767	3735	3680	3607	3573
29	@   	0x00	3573	3557	3515	3447	3394	3378	3353
30	@   	0x00	3394	3378	3353	3312	3296	3281	3253
31	@   	0x00	3312	3296	3281	3253	3227	3203	3178
32	    	0x00	8062	8042	8025	8003	7984	7966	7943
33	    	0x00	8062	8042	8025	8003	7984	7966	7943MAX=491



* * * * Samples * * * *
MAX=127



* * * * Samples * * * *
MAX=127



* * * * Samples * * * *
